 BB04AD EXAMPLE PROGRAM RESULTS

 DTLEX: Example 4.1                                                    

 Order of matrix A:            N  =   5
 Number of rows in matrix B:   M  =   1

 E is the identity matrix.
 A  = 
   0.4562   0.0308   0.1990   0.0861   0.0217
   0.0637   0.5142  -0.1828   0.0096  -0.1148
   0.3139   0.1287   0.3484   0.1653  -0.1975
   0.1500   0.0053  -0.1838   0.2501  -0.0687
   0.0568  -0.1006  -0.3735  -0.0202   0.2285
 B  = 
   0.3086   0.0247  -0.4691   0.1728  -0.3704
 Y  = 
  -0.0953  -0.0076   0.1448  -0.0533   0.1143
  -0.0076  -0.0006   0.0116  -0.0043   0.0091
   0.1448   0.0116  -0.2201   0.0811  -0.1738
  -0.0533  -0.0043   0.0811  -0.0299   0.0640
   0.1143   0.0091  -0.1738   0.0640  -0.1372
 X  = 
   0.0953   0.0076  -0.1448   0.0533  -0.1143
   0.0076   0.0006  -0.0116   0.0043  -0.0091
  -0.1448  -0.0116   0.2201  -0.0811   0.1738
   0.0533   0.0043  -0.0811   0.0299  -0.0640
  -0.1143  -0.0091   0.1738  -0.0640   0.1372
 U is not provided.
