 MB02JD EXAMPLE PROGRAM RESULTS


 The factor Q is 
  -0.0967   0.7166  -0.4651   0.1272   0.4357   0.0435   0.2201   0.0673
  -0.3867  -0.3108  -0.0534   0.5251   0.0963  -0.3894   0.1466   0.5412
  -0.3867  -0.0990  -0.1443  -0.7021   0.3056  -0.3367  -0.3233   0.1249
  -0.4834  -0.0178  -0.3368  -0.1763  -0.5446   0.5100   0.1503   0.2054
  -0.1933   0.5859   0.3214   0.1156  -0.4670  -0.3199  -0.4185   0.0842
  -0.4834  -0.0178   0.1072   0.0357  -0.0575  -0.2859   0.4339  -0.6928
  -0.1933   0.1623   0.7251  -0.1966   0.2736   0.3058   0.3398   0.2968
  -0.3867  -0.0990   0.0777   0.3615   0.3386   0.4421  -0.5693  -0.2641

 The factor R is 
 -10.3441   0.0000   0.0000   0.0000   0.0000   0.0000   0.0000   0.0000
  -6.3805   4.7212   0.0000   0.0000   0.0000   0.0000   0.0000   0.0000
  -7.3472   1.9320   4.5040   0.0000   0.0000   0.0000   0.0000   0.0000
 -10.0541   2.5101   0.5065   3.6550   0.0000   0.0000   0.0000   0.0000
  -6.5738   3.6127   1.2702  -1.3146   3.5202   0.0000   0.0000   0.0000
  -5.2204   2.4764   2.4113   1.3890   1.2780   2.4976   0.0000   0.0000
  -9.6674   3.2445  -0.5099  -0.0224   2.6548   2.9491   1.0049   0.0000
  -6.3805   0.6968   1.9483   0.3050   0.7002  -2.0220  -2.8246   2.3147
  -4.1570   2.4309  -0.7190  -0.1455   3.0149   0.5454   0.9394  -0.0548
