 MB03QG EXAMPLE PROGRAM RESULTS

 The number of eigenvalues in the domain is     2

 The ordered Schur form matrix is 
          -1.4394   2.5550 -12.5655  -4.0714
           2.8887  -1.1242   9.2819  -2.6724
           0.0000   0.0000 -19.7785  36.4447
           0.0000   0.0000   0.0000   3.5537

 The ordered triangular matrix is 
         -16.0178   0.0000   2.3850   4.7645
           0.0000   3.2809  -1.5640   1.9954
           0.0000   0.0000  -3.0652   0.3039
           0.0000   0.0000   0.0000   1.1671

 The transformation matrix U is 
          -0.1518  -0.0737  -0.9856   0.0140
          -0.2865  -0.9466   0.1136  -0.0947
          -0.5442   0.0924   0.0887   0.8292
          -0.7738   0.3000   0.0890  -0.5508

 The transformation matrix V is 
           0.2799   0.9041   0.2685   0.1794
           0.4009  -0.0714   0.3780  -0.8315
           0.7206  -0.4006   0.2628   0.5012
           0.4917   0.1306  -0.8462  -0.1588
