MB03TD EXAMPLE PROGRAM RESULTS

The orthogonal symplectic factor U is 
   0.0407    0.4847    0.8737    0.0000    0.0000    0.0000    0.0000    0.0000    0.0000    0.0000
   0.1245   -0.3866    0.2087    0.4509   -0.1047    0.3229    0.1248   -0.0843    0.1967    0.6415
  -0.0933    0.4089   -0.2225   -0.4085    0.0709   -0.2171    0.2156   -0.1095    0.4348    0.5551
  -0.1059   -0.5250    0.2962   -0.0295    0.2207   -0.6789    0.1133   -0.0312    0.2979   -0.1112
   0.3937    0.3071   -0.1887    0.5332   -0.4351   -0.4423    0.0600   -0.0127    0.1679   -0.1179
   0.0000    0.0000    0.0000    0.0000    0.0000    0.0407    0.4847    0.8737    0.0000    0.0000
  -0.3229   -0.1248    0.0843   -0.1967   -0.6415    0.1245   -0.3866    0.2087    0.4509   -0.1047
   0.2171   -0.2156    0.1095   -0.4348   -0.5551   -0.0933    0.4089   -0.2225   -0.4085    0.0709
   0.6789   -0.1133    0.0312   -0.2979    0.1112   -0.1059   -0.5250    0.2962   -0.0295    0.2207
   0.4423   -0.0600    0.0127   -0.1679    0.1179    0.3937    0.3071   -0.1887    0.5332   -0.4351

Orthogonality of U: || U'*U - I ||_F = .21E-14

The matrix A in reordered Schur canonical form is 
   0.4565   -0.4554    0.2756   -0.8651   -1.2050
   1.1863    0.4565    0.2186   -0.0233    0.8293
   0.0000    0.0000    0.9501    0.0625   -0.0064
   0.0000    0.0000    0.0000    0.4103    0.5597
   0.0000    0.0000    0.0000    0.0000    0.1389

The matrix G is 
   0.0000    0.3298   -0.0292   -0.1571    0.1751
  -0.3298    0.0000   -0.0633   -0.2951    0.2396
   0.0292    0.0633    0.0000    0.9567    0.7485
   0.1571    0.2951   -0.9567    0.0000    0.2960
  -0.1751   -0.2396   -0.7485   -0.2960    0.0000
