MB03KD EXAMPLE PROGRAM RESULTS
The vector ALPHAR is 
   0.3230   0.3230  -0.8752
The vector ALPHAI is 
   0.5694  -0.5694   0.0000
The vector BETA is 
   1.0000   1.0000   1.0000
The vector SCAL is 
     0     0    -1
The matrix A on exit is 
The factor  1 is 
   2.5997  -0.0087   1.6898
   0.0000   1.9846   0.1942
   0.0000   0.0000   2.3259
The factor  2 is 
  -2.0990  -1.0831  -2.5601
   0.0000   3.4838   0.2950
   0.0000   3.4552  -2.1690
The factor  3 is 
   1.8451   0.9260   1.2717
   0.0000   1.3976  -2.3544
   0.0000   0.0000  -3.1023
The matrix Q on exit is 
The factor  1 is 
  -0.2052   0.4647  -0.8614
   0.2033   0.8811   0.4270
  -0.9574   0.0875   0.2753
The factor  2 is 
  -0.7743  -0.1384   0.6176
   0.6070  -0.4386   0.6627
   0.1791   0.8880   0.4236
The factor  3 is 
  -0.6714   0.7225  -0.1651
  -0.3658  -0.5168  -0.7740
  -0.6446  -0.4593   0.6112
