 MB03VD EXAMPLE PROGRAM RESULTS

 Reduced matrices

 K =     1
 -2.3926  2.7042 -0.9598 -1.2335
  4.1417 -1.7046  1.3001 -1.3120
  0.0000 -1.6247 -0.2534  1.6453
  0.0000  0.0000 -0.0169 -0.4451

 K =     2
 -2.5495  2.3402  4.7021  0.2329
  0.0000  1.9725 -0.2483 -2.3493
  0.0000  0.0000 -0.6290 -0.5975
  0.0000  0.0000  0.0000 -0.4426

 Transformation matrices

 K =     1
  1.0000  0.0000  0.0000  0.0000
  0.0000 -0.7103  0.5504 -0.4388
  0.0000 -0.4735 -0.8349 -0.2807
  0.0000 -0.5209  0.0084  0.8536

 K =     2
 -0.5883  0.2947  0.7528 -0.0145
 -0.3922 -0.8070  0.0009 -0.4415
 -0.5883  0.4292 -0.6329 -0.2630
 -0.3922 -0.2788 -0.1809  0.8577

 NORM (Q'*A*Q - Aout) =  2.93760D-15
