 MB03WD EXAMPLE PROGRAM RESULTS

 Computed eigenvalues

    (          6.449861 ,         7.817717 )
    (          6.449861 ,        -7.817717 )
    (          0.091315 ,         0.000000 )
    (          0.208964 ,         0.000000 )

 Reduced matrices

 K =     1
  2.2112  4.3718 -2.3362  0.8907
 -0.9179  2.7688 -0.6570 -2.2426
  0.0000  0.0000  0.3022  0.1932
  0.0000  0.0000  0.0000 -0.4571

 K =     2
  2.9169  3.4539  2.2016  1.2367
  0.0000  3.4745  1.0209 -2.0720
  0.0000  0.0000  0.3022 -0.1932
  0.0000  0.0000  0.0000 -0.4571

 Transformation matrices

 K =     1
  0.3493  0.6751 -0.6490  0.0327
  0.7483 -0.4863 -0.1249 -0.4336
  0.2939  0.5504  0.7148 -0.3158
  0.4813 -0.0700  0.2286  0.8433

 K =     2
  0.2372  0.7221  0.6490  0.0327
  0.8163 -0.3608  0.1249 -0.4336
  0.2025  0.5902 -0.7148 -0.3158
  0.4863  0.0076 -0.2286  0.8433

 NORM (Z'*A*Z - Aout) =  7.18432D-15
