 MB03UD EXAMPLE PROGRAM RESULTS

 Singular values are 
          42.0909  11.7764   5.4420   0.2336

 The transpose of the right singular vectors matrix is 
           0.0230  -0.9084   0.2759   0.3132
           0.0075  -0.1272   0.5312  -0.8376
           0.0092   0.3978   0.8009   0.4476
           0.9997   0.0182  -0.0177  -0.0050

 The left singular vectors matrix is 
          -0.9671  -0.0882  -0.0501  -0.2335
           0.2456  -0.1765  -0.4020  -0.8643
           0.0012   0.7425   0.5367  -0.4008
          -0.0670   0.6401  -0.7402   0.1945
