 MB03XP EXAMPLE PROGRAM RESULTS

 The reduced matrix A is 
   -0.6290   -0.1397   -0.0509    0.1603   -0.3248    0.2381    0.0694    0.0103
    1.5112   -3.4273   -0.4485   -0.4357   -0.3456    0.4619    0.5998    0.5654
    0.0000    0.0000    0.0547   -0.4360    0.1714   -0.2103   -0.0900   -0.4011
    0.0000    0.0000    0.6623    0.2038    0.2796   -0.2629    0.3837    0.2382
    0.0000    0.0000    0.0000    0.0000   -0.6315    0.2071   -0.0174   -0.3538
    0.0000    0.0000    0.0000    0.0000    0.0000   -0.5850   -0.1813    0.2435
    0.0000    0.0000    0.0000    0.0000    0.0000    0.0000   -0.7884    0.1535
    0.0000    0.0000    0.0000    0.0000    0.0000    0.0000    0.0000    0.2832

 Residual: || A*Z - Q*S ||_F = .60E-14

 The reduced matrix B is 
   -0.9231    0.0000   -0.9834    0.1805    0.4428    0.3655   -0.4300    0.8498
    0.0000   -0.1837   -0.1873    0.0681    0.8412   -0.0556    0.0538    0.6113
    0.0000    0.0000   -1.8997    0.0000    0.5651   -0.2785    0.2882    1.0458
    0.0000    0.0000    0.0000   -0.2602    0.3527   -0.0020   -0.3396    0.2739
    0.0000    0.0000    0.0000    0.0000    0.8521   -0.0164    0.2115    0.5446
    0.0000    0.0000    0.0000    0.0000    0.0000    0.0283   -0.5128    0.0153
    0.0000    0.0000    0.0000    0.0000    0.0000    0.0000    0.4153    0.4587
    0.0000    0.0000    0.0000    0.0000    0.0000    0.0000    0.0000    0.5894

 Residual: || B*Q - Z*T ||_F = .55E-14

 The orthogonal factor Q is 
   -0.5333    0.3661   -0.1179    0.0264    0.0026    0.7527    0.0018    0.0189
    0.0583   -0.8833   -0.0666   -0.0007    0.0017    0.4603    0.0050    0.0092
   -0.8414   -0.2927    0.0347    0.0452   -0.0005   -0.4498   -0.0269    0.0001
    0.0077    0.0046   -0.5687   -0.4810    0.0227   -0.0708   -0.6500    0.1312
    0.0598    0.0059   -0.6128    0.7656    0.1348   -0.0863    0.0038    0.0954
   -0.0242   -0.0016   -0.4295   -0.4163    0.3871   -0.0709    0.6964   -0.0417
    0.0027    0.0001    0.3109    0.0620    0.8615    0.0378   -0.2267    0.3231
    0.0012    0.0000    0.0188   -0.0514   -0.2987   -0.0172    0.2010    0.9312

 Orthogonality of Q: || Q'*Q - I ||_F = .63E-14

 The orthogonal factor Z is 
    0.9957   -0.0786    0.0397   -0.0032    0.0006    0.0227    0.0104    0.0123
    0.0764    0.9956    0.0200    0.0073   -0.0009    0.0389    0.0263    0.0193
   -0.0062    0.0235    0.6714   -0.0229    0.0271   -0.4461   -0.5354   -0.2486
   -0.0445   -0.0437    0.6098    0.4197   -0.0656    0.6125    0.1248    0.2302
   -0.0242   -0.0148    0.4049   -0.6041    0.2808   -0.1328    0.5972    0.1311
    0.0096    0.0037   -0.0183    0.6539    0.5114   -0.4136    0.3620   -0.0913
   -0.0019   -0.0004   -0.1055   -0.1544    0.7891    0.2944   -0.4436    0.2426
   -0.0005    0.0000   -0.0039    0.0826   -0.1786   -0.3853   -0.1119    0.8946

 Orthogonality of Z: || Z'*Z - I ||_F = .78E-14

    ALPHAR    ALPHAI    BETA
    0.4723    0.1464    1.2811
    0.4723   -0.1464    1.2811
   -0.0318    0.1527    2.4691
   -0.0318   -0.1527    2.4691
   -0.6315    0.0000    0.8521
   -0.5850    0.0000    0.0283
   -0.7884    0.0000    0.4153
    0.2832    0.0000    0.5894
