MB04AD EXAMPLE PROGRAM RESULTS
The matrix T on exit is 
  -3.9699   3.7658   5.5815  -1.7750  -0.8818  -0.0511  -4.2158   1.9054
   0.0000   5.3686  -5.9166   4.9163   1.3839   0.8870   3.9458  -4.9167
   0.0000   0.0000   5.9641   1.9432  -2.0680   2.4402  -1.4091   5.8512
   0.0000   0.0000   0.0000   5.9983  -3.8172   4.0147  -2.0739  -1.2570
   0.0000   0.0000   0.0000   0.0000   8.2005   0.0000   0.0000   0.0000
   0.0000   0.0000   0.0000   0.0000   1.5732   8.0098   0.0000   0.0000
   0.0000   0.0000   0.0000   0.0000   0.6017   2.4397   5.9751   0.0000
   0.0000   0.0000   0.0000   0.0000  -2.5869   0.5598   0.2544   5.2129
The matrix Z on exit is 
  -6.4705  -2.5511  -4.0551  -1.9895  -2.7642   0.7532  -4.1047  -2.2046
   0.0000   7.3589  -4.4480  -2.7491  -1.5465  -1.4345  -0.9272   1.3121
   0.0000   0.0000   4.9125  -0.4968   5.3574   3.8579   5.2547  -1.7324
   0.0000   0.0000   0.0000   9.0822   0.0460  -0.3382   3.9302   3.1084
   0.0000   0.0000   0.0000   0.0000   6.1869   0.0000   0.0000   0.0000
   0.0000   0.0000   0.0000   0.0000   5.5573   6.6549   0.0000   0.0000
   0.0000   0.0000   0.0000   0.0000   2.7456  -3.5789   4.3432   0.0000
   0.0000   0.0000   0.0000   0.0000   0.1549   3.5335   3.1346   4.1062
The matrix H is 
  -7.4834   0.4404   2.3558   1.6724  -0.4630   1.9533   1.5724  -2.7254
   0.0000  -7.3500   3.7414   3.7466   0.2837   0.6849   0.7727  -4.2140
   0.0000   0.0000  -2.3493  -3.7994  -0.6872   1.1773  -2.6901  -5.1494
   0.0000   0.0000   0.0000  -3.4719   5.3322   0.4182   1.9779   1.5175
   0.0000   0.0000   0.0000   0.0000  -6.1880   0.0000   0.0000   0.0000
   0.0000   0.0000   0.0000   0.0000  -3.3324   9.0833   0.0000   0.0000
   0.0000   0.0000   0.0000   0.0000  -1.8703   0.0799  -2.8180   0.0000
   0.0000   0.0000   0.0000   0.0000  -2.3477   3.3110   0.6561   0.7281
The matrix Q1 is 
  -0.2489  -0.1409   0.3615   0.6458   0.0113   0.6063  -0.0470   0.0238
  -0.2436   0.1294  -0.0874  -0.4103   0.3408   0.3628  -0.3267   0.6272
  -0.4316  -0.2352   0.5553  -0.2811  -0.2198  -0.2880  -0.4564  -0.1773
   0.1992  -0.2176  -0.5198   0.1561  -0.1523   0.1299  -0.7281  -0.2197
   0.0161   0.7390   0.1125  -0.2226  -0.1003   0.3608  -0.1118  -0.4886
  -0.5824   0.0984  -0.3052   0.1996   0.5889  -0.2442   0.0060  -0.3341
  -0.3246   0.4661  -0.1835   0.3523  -0.5153  -0.3034  -0.0865   0.3931
  -0.4559  -0.2961  -0.3790  -0.3127  -0.4356   0.3452   0.3642  -0.1467
The matrix Q2 is 
   0.0288  -0.1842  -0.6791  -0.2115  -0.4790   0.4212  -0.0417  -0.2253
  -0.0666  -0.0787  -0.3711   0.1737  -0.0482  -0.5770  -0.6785   0.1607
   0.1506   0.6328   0.0518  -0.6266   0.0652  -0.0790  -0.2854  -0.2994
  -0.2900  -0.2737  -0.0076  -0.3671  -0.2017  -0.6241   0.4521  -0.2675
   0.3353   0.4107   0.0326   0.1400  -0.6447  -0.2043   0.2561   0.4187
   0.0905  -0.1648  -0.2363  -0.5323   0.3180   0.0286   0.1252   0.7126
  -0.7246   0.0468   0.3328  -0.1794  -0.3639   0.2257  -0.2623   0.2786
   0.4922  -0.5353   0.4803  -0.2501  -0.2723   0.0199  -0.3194  -0.0371
The upper left block of the matrix U1 is 
   0.4144   0.2249   0.6015  -0.1964
  -0.0198   0.5131  -0.2823  -0.3058
  -0.6620   0.1508   0.2237   0.0240
  -0.0743  -0.4323  -0.0332  -0.7263
The upper right block of the matrix U1 is 
  -0.3474   0.1306  -0.3391  -0.3530
  -0.3760   0.1550   0.6087  -0.1646
   0.1707   0.6553  -0.1262  -0.1177
   0.3048  -0.0773   0.0767  -0.4173
The upper left block of the matrix U2 is 
   0.1403  -0.6447  -0.6536  -0.3707
   0.7069   0.2609  -0.0091  -0.1702
  -0.1218  -0.1120   0.3766  -0.5154
   0.0773   0.6349  -0.5070  -0.1810
The upper right block of the matrix U2 is 
   0.0000   0.0000   0.0000   0.0000
   0.1182   0.1587   0.1930  -0.5716
   0.6051  -0.2720   0.3364   0.1089
   0.2823  -0.0386  -0.1529   0.4434
The vector ALPHAR is 
   0.0000   0.7122   0.0000   0.7450
The vector ALPHAI is 
   0.7540   0.0000   0.7465   0.0000
The vector BETA is 
   4.0000   4.0000   8.0000  16.0000
