MB04ED EXAMPLE PROGRAM RESULTS

 The transformed matrix Z is
  -2.5678  -2.9888   0.4304  -2.8719   2.7331   1.3072   1.7565   2.8246
   0.0000  -3.8520  -6.0992   6.2935  -3.0386  -5.5317  -1.2189   3.9973
   0.0000   0.0000   4.4560   4.4602   0.6080  -4.4326   3.7959  -0.6297
   0.0000   0.0000   0.0000   7.0155   1.5557   2.1441   3.6649  -2.3864
   0.4352  -3.2829   3.7246   0.4794  -5.3205   0.0000   0.0000   0.0000
   1.3080  -3.9881  -3.5497   3.5020   2.2466   6.9633   0.0000   0.0000
   1.1308  -1.5087   2.4730   2.1553  -1.7204  -0.8164   8.1468   0.0000
   4.7933  -4.3671  -0.0473  -2.0092  -3.9547   0.2664   1.0382   5.5977

 The transformed matrix B is
   3.8629  -1.3266   0.1253   2.1882
   0.0000   3.7258  -3.5913  -2.4583
   0.0000  -3.6551  -2.5063  -0.8378
   0.0000   0.0000   0.0000  -6.7384

 The transformed matrix FG is
   1.0000   2.0000  -0.7448  -1.2359  -1.3653
   0.0158   2.0000   2.0000   3.4030   3.2344
  -1.1665   2.5791   2.0000   2.0000  -0.4096
   3.3823  -1.2344   3.9016   2.0000   2.0000

 The real, imaginary, and beta parts of eigenvalues are
   1.1310  -0.0697  -0.0697  -0.6864
   0.0000   0.6035  -0.6035   0.0000
   4.0000   4.0000   4.0000   4.0000

 The matrix Q is 
  -0.6042  -0.4139  -0.4742   0.1400  -0.2947   0.3462  -0.0980   0.0534
  -0.3706   0.1367   0.4442  -0.1381  -0.1210   0.2913   0.7248  -0.0524
   0.1325  -0.2735  -0.0515  -0.5084  -0.3163  -0.2855   0.1638   0.6619
   0.2373   0.5514  -0.4988   0.3373  -0.3852  -0.0007   0.3329   0.1339
   0.4777  -0.4517   0.2739   0.5172  -0.0775   0.3874   0.1088   0.2395
  -0.0116  -0.4372  -0.1843   0.2474   0.1236  -0.6052   0.4772  -0.3228
   0.1237  -0.0310  -0.4300  -0.2090   0.7209   0.3408   0.2898   0.1883
   0.4245  -0.1871  -0.1803  -0.4655  -0.3304   0.2849   0.0623  -0.5843

 The upper left block of the matrix U is 
   0.0154  -0.5058  -0.5272   0.6826
   0.4829  -0.1519  -0.2921  -0.3491
   0.4981   0.1532   0.1019   0.1810
  -0.0188   0.6270  -0.5260   0.0587

 The upper right block of the matrix U is 
   0.0000   0.0000   0.0000   0.0000
   0.3179  -0.4312  -0.1802  -0.4659
   0.5644   0.0873   0.4480   0.3979
  -0.3137  -0.3330   0.3413   0.0239
