 TG01ED EXAMPLE PROGRAM RESULTS

 Rank of matrix E   =    3
 Rank of matrix A22 =    1

 The transformed state dynamics matrix Q'*A*Z is 
   2.1882  -0.8664  -3.5097  -2.1353
  -0.4569  -0.2146   1.9802   0.3531
  -0.5717  -0.5245  -0.4591   0.4696
  -0.4766  -0.5846   2.1414   0.3086

 The transformed descriptor matrix Q'*E*Z is 
  11.8494   0.0000   0.0000   0.0000
   0.0000   2.1302   0.0000   0.0000
   0.0000   0.0000   1.0270   0.0000
   0.0000   0.0000   0.0000   0.0000

 The transformed input/state matrix Q'*B is 
  -0.2396  -1.0668
  -0.2656  -0.8393
  -0.7657  -0.1213
   1.1339   0.3780

 The transformed state/output matrix C*Z is 
  -0.2499  -1.0573   0.3912  -0.8165
  -0.5225   1.3958   0.8825   0.0000

 The left transformation matrix Q is 
  -0.1534   0.5377  -0.6049   0.5669
  -0.0872   0.2536   0.7789   0.5669
  -0.9805  -0.0360   0.0395  -0.1890
  -0.0863  -0.8033  -0.1608   0.5669

 The right transformation matrix Z is 
  -0.2612   0.2017  -0.4737   0.8165
  -0.7780   0.4718  -0.0738  -0.4082
  -0.5111  -0.8556  -0.0826   0.0000
  -0.2556   0.0684   0.8737   0.4082
