 BB03AD EXAMPLE PROGRAM RESULTS

 CTLEX: Example 4.1                                                    

 Order of matrix A:            N  =   5
 Number of rows in matrix B:   M  =   1

 E is the identity matrix.
 A  = 
  -3.6360  -0.6921  -1.1933  -0.8137   0.3507
   0.1406  -2.9375   0.9063   0.1562   0.3438
  -2.5735  -1.4421  -2.8183  -1.1887   1.2257
  -0.3779   0.0810   0.5544  -1.5891   0.0660
   0.8961   1.1586   1.6279   0.5631  -2.2066
 B  = 
  -3.6914  -3.9753  -0.0247  -1.9012   1.1111
 Y  = 
 -13.6261 -14.6743  -0.0911  -7.0181   4.1015
 -14.6743 -15.8031  -0.0982  -7.5580   4.4170
  -0.0911  -0.0982  -0.0006  -0.0469   0.0274
  -7.0181  -7.5580  -0.0469  -3.6147   2.1125
   4.1015   4.4170   0.0274   2.1125  -1.2346
 X  = 
   1.7737   1.9307  -0.0703   1.0497  -0.4681
   1.9307   2.1036  -0.0752   1.1489  -0.5069
  -0.0703  -0.0752   0.0076  -0.0428   0.0178
   1.0497   1.1489  -0.0428   0.6509  -0.2651
  -0.4681  -0.5069   0.0178  -0.2651   0.1284
 U is not provided.
