 MB03XD EXAMPLE PROGRAM RESULTS

 The eigenvalues are

   i      WR(i)      WI(i)

   1     3.1941     0.0000
   2     0.1350     0.3179
   3    -0.1350     0.3179
   4     0.0595     0.2793
   5    -0.0595     0.2793

 The matrix S of the reduced matrix is
 -3.1844761777714723  0.1612357243439330 -0.0628592203751083  0.2449004200921966  0.1974400149992633
  0.0000000000000000 -0.1510667773167795  0.4260444411622876 -0.1775026035208666  0.3447278421198404
  0.0000000000000000 -0.1386140422054281 -0.3006779624777419  0.2944143257134117  0.3456440339120381
  0.0000000000000000  0.0000000000000000  0.0000000000000000 -0.2710128384740589  0.0933189808067083
  0.0000000000000000  0.0000000000000000  0.0000000000000000  0.4844146572359630  0.2004347508746724

 The matrix T of the reduced matrix is
  3.2038208121776366  0.1805955192510636  0.2466389119377562 -0.2539149302433404 -0.0359238844381174
  0.0000000000000000 -0.7196686433290822  0.0000000000000000  0.2428659121580382 -0.0594190100670709
  0.0000000000000000  0.0000000000000000 -0.1891741194498124 -0.3309578443491325 -0.0303520731950498
  0.0000000000000000  0.0000000000000000  0.0000000000000000 -0.4361574461961496  0.0000000000000000
  0.0000000000000000  0.0000000000000000  0.0000000000000000  0.0000000000000000  0.1530894573304220

 The matrix G of the reduced matrix is
 -0.0370982242678458  0.0917788436945730 -0.0560402416315236  0.1345152517579191  0.0256668227276665
  0.0652183678916926 -0.0700457231988328  0.0350041175858816 -0.2233868768749277 -0.1171980260782820
 -0.0626428681377074  0.2327575351902838 -0.1251515732208133 -0.0177816046663209  0.3696921118421109
  0.0746042309265569 -0.0828007611045243  0.0217427473546003 -0.1157775118548850 -0.3161183681200607
  0.1374372236164838  0.1002727885506978  0.4021556774753987 -0.0431072263235625  0.1067394572547804

 Residual: || H*V - U*R ||_F = .38E-14

 The orthogonal symplectic factor U is
  0.3806883009357249 -0.0347810363019666 -0.5014665065895627  0.5389691288472425  0.2685446895251499 -0.1795922007470744  0.1908329820840935  0.0868799433942041  0.3114741142062469 -0.2579907627915116
  0.4642712665555327 -0.5942766860716397  0.4781179763952658  0.2334370556238072  0.0166790369048881 -0.2447897730222852 -0.1028403314750053 -0.1157840914576285 -0.1873268885694422  0.1700708002861556
  0.2772789197782788 -0.0130145392695854 -0.2123817030594153 -0.2550292626960007 -0.5049268366774478 -0.2243335325285329  0.3180998613802498  0.3315380214794935  0.1977859924739816  0.5072476567310036
  0.4209268575081797  0.1499593172661210 -0.1925590746592206 -0.5472292877802408  0.4543329704184014 -0.2128397588651423 -0.2740560593051884  0.1941418870268831 -0.3096684962457407 -0.0581576193198820
  0.3969669479129447  0.6321903535930841  0.3329156356041941  0.0163533225344391 -0.2638879466190056 -0.2002027567371933 -0.0040094115506845 -0.3979373387545256  0.1520881534833996 -0.2010804514091296
  0.1795922007470744 -0.1908329820840935 -0.0868799433942041 -0.3114741142062469  0.2579907627915116  0.3806883009357249 -0.0347810363019666 -0.5014665065895627  0.5389691288472425  0.2685446895251499
  0.2447897730222852  0.1028403314750053  0.1157840914576285  0.1873268885694422 -0.1700708002861556  0.4642712665555327 -0.5942766860716397  0.4781179763952658  0.2334370556238072  0.0166790369048881
  0.2243335325285329 -0.3180998613802498 -0.3315380214794935 -0.1977859924739816 -0.5072476567310036  0.2772789197782788 -0.0130145392695854 -0.2123817030594153 -0.2550292626960007 -0.5049268366774478
  0.2128397588651423  0.2740560593051884 -0.1941418870268831  0.3096684962457407  0.0581576193198820  0.4209268575081797  0.1499593172661210 -0.1925590746592206 -0.5472292877802408  0.4543329704184014
  0.2002027567371933  0.0040094115506845  0.3979373387545256 -0.1520881534833996  0.2010804514091296  0.3969669479129447  0.6321903535930841  0.3329156356041941  0.0163533225344391 -0.2638879466190056

 Orthogonality of U: || U^T U - I ||_F = .28E-14

 The orthogonal symplectic factor V is
  0.4447147692018332 -0.6830166755147445 -0.0002576861753461  0.5781954611783305 -0.0375091627893695  0.0000000000000000  0.0000000000000000  0.0000000000000000  0.0000000000000000  0.0000000000000000
  0.5121756358795815  0.0297197140254867  0.4332229148788674 -0.3240527006890555  0.5330850295256576  0.0299719306696789 -0.2322624725320732 -0.0280846899680330 -0.3044255686880015 -0.1077641482535463
  0.3664711365265602  0.3288511296455134  0.0588396016404466  0.1134221597062252  0.1047567336850027 -0.0069083614679702  0.3351358347080169 -0.4922707032978909  0.4293545450291777  0.4372821269061838
  0.4535357098437908  0.1062866148880810 -0.3964092656837799 -0.2211800890450648  0.0350667323996154  0.0167847133528844  0.2843629278945263  0.5958979805231206  0.3097336757510830 -0.2086733033047175
  0.4450432900616098  0.2950206358263727 -0.1617837757183794 -0.0376369332204945 -0.6746752660482708  0.0248567764822071 -0.2810759958040465 -0.1653113624869875 -0.3528780198620394 -0.0254898556119200
  0.0000000000000000  0.0000000000000000  0.0000000000000000  0.0000000000000000  0.0000000000000000  0.4447147692018332 -0.6830166755147445 -0.0002576861753461  0.5781954611783305 -0.0375091627893695
 -0.0299719306696789  0.2322624725320732  0.0280846899680330  0.3044255686880015  0.1077641482535463  0.5121756358795815  0.0297197140254867  0.4332229148788674 -0.3240527006890555  0.5330850295256576
  0.0069083614679702 -0.3351358347080169  0.4922707032978909 -0.4293545450291777 -0.4372821269061838  0.3664711365265602  0.3288511296455134  0.0588396016404466  0.1134221597062252  0.1047567336850027
 -0.0167847133528844 -0.2843629278945263 -0.5958979805231206 -0.3097336757510830  0.2086733033047175  0.4535357098437908  0.1062866148880810 -0.3964092656837799 -0.2211800890450648  0.0350667323996154
 -0.0248567764822071  0.2810759958040465  0.1653113624869875  0.3528780198620394  0.0254898556119200  0.4450432900616098  0.2950206358263727 -0.1617837757183794 -0.0376369332204945 -0.6746752660482708

 Orthogonality of V: || V^T V - I ||_F = .25E-14
