MB04BD EXAMPLE PROGRAM RESULTS
The matrix A on exit is 
  -4.7460   4.1855   3.2696  -0.2244
   0.0000   6.4157   2.8287   1.4553
   0.0000   0.0000   7.4626   1.5726
   0.0000   0.0000   0.0000   8.8702
The matrix D on exit is 
   0.0000  -1.3137  -6.3615  -0.8940
   0.0000   0.0000   1.0704  -0.0659
   4.4324   0.0000   0.0000  -0.6922
   0.5254   1.6653   0.0000   0.0000
The matrix B on exit is 
  -6.4937  -2.1982  -1.3881   1.3477
   0.0000   4.6929   0.6650  -4.1191
   0.0000   0.0000   9.1725   3.4721
   0.0000   0.0000   0.0000   7.2106
The matrix F on exit is 
   0.0000  -1.1367   2.2966  -1.0744
   0.0000   0.0000   3.7875   0.9427
   0.0000   0.0000   0.0000  -4.7136
   0.0000   0.0000   0.0000   0.0000
The matrix C1 on exit is 
   6.9525  -4.9881   2.3661   4.2188
   0.0000   8.5009   0.7182   5.5533
   0.0000   0.0000  -4.6650  -2.8177
   0.0000   0.0000   0.0000   1.5124
The matrix C2 on exit is 
  -5.4562  -2.1348   4.9694  -2.2744
   2.5550  -7.9616   1.1516   3.4912
   0.0000   0.0000   4.8504   0.5046
   0.0000   0.0000   0.0000   4.4394
The matrix V on exit is 
   0.9136   4.1106  -0.0079   3.5789
  -1.1553  -1.4785  -1.5155  -0.8018
  -2.2167   4.8029   1.3645   2.5202
  -1.0994  -0.6144   0.3970   2.0730
The vector ALPHAR is 
   0.8314  -0.8314   0.8131   0.0000
The vector ALPHAI is 
   0.4372   0.4372   0.0000   0.9164
The vector BETA is 
   0.7071   0.7071   1.4142   2.8284
The matrix Q1 is 
  -0.0098   0.1978   0.2402   0.5274   0.1105  -0.0149  -0.1028   0.7759
  -0.6398   0.2356   0.2765  -0.1301  -0.5351  -0.3078   0.2435   0.0373
   0.1766  -0.4781   0.2657  -0.5415   0.0968  -0.4663  -0.0983   0.3741
   0.3207  -0.1980   0.1141   0.0240  -0.1712   0.2630   0.8513   0.1451
  -0.6551  -0.2956  -0.0288  -0.1169   0.5593   0.3381   0.1753   0.1055
  -0.0246  -0.2759   0.2470  -0.1408  -0.4837   0.6567  -0.4042   0.1172
  -0.0772  -0.0121  -0.8394  -0.1852  -0.2673   0.0046   0.0159   0.4282
   0.1442   0.6884   0.1257  -0.5860   0.2110   0.2699   0.0363   0.1657
The matrix Q2 is 
  -0.2891   0.3096   0.6312   0.6498   0.0000   0.0000   0.0000   0.0000
   0.1887   0.1936  -0.3857   0.3664   0.5660   0.1238  -0.2080  -0.5148
  -0.2492  -0.2877  -0.0874   0.1110  -0.1081  -0.2999   0.6800  -0.5207
  -0.7430  -0.0646  -0.4689   0.1556  -0.2401   0.0181  -0.3724   0.0562
  -0.0999  -0.2026  -0.0355   0.0866   0.5587  -0.6625  -0.0114   0.4349
  -0.4357   0.1209   0.0489  -0.2990   0.5094   0.5191   0.3837   0.1661
  -0.2429   0.4131   0.2549  -0.5525   0.0749  -0.3829  -0.2690  -0.4190
   0.0889   0.7439  -0.3960   0.0697  -0.1821  -0.1988   0.3687   0.2616
