 MB04TB EXAMPLE PROGRAM RESULTS

 The orthogonal symplectic factor U is 
   -0.1513    0.0756   -0.0027    0.1694   -0.2999    0.3515   -0.4843    0.6545   -0.1995   -0.1627
   -0.1202    0.2320    0.1662   -0.2835   -0.0508    0.4975    0.3319   -0.2686   -0.4186   -0.4649
   -0.2431    0.2724    0.3439    0.3954    0.0236    0.3820   -0.2863   -0.4324    0.3706    0.1984
   -0.2327   -0.1509   -0.3710   -0.1240   -0.0393    0.5000    0.3659    0.1429    0.0493    0.6015
   -0.2418   -0.2928   -0.0836   -0.5549    0.4824    0.1550   -0.4441   -0.0396    0.2376   -0.1702
   -0.3515    0.4843   -0.6545    0.1995    0.1627   -0.1513    0.0756   -0.0027    0.1694   -0.2999
   -0.4975   -0.3319    0.2686    0.4186    0.4649   -0.1202    0.2320    0.1662   -0.2835   -0.0508
   -0.3820    0.2863    0.4324   -0.3706   -0.1984   -0.2431    0.2724    0.3439    0.3954    0.0236
   -0.5000   -0.3659   -0.1429   -0.0493   -0.6015   -0.2327   -0.1509   -0.3710   -0.1240   -0.0393
   -0.1550    0.4441    0.0396   -0.2376    0.1702   -0.2418   -0.2928   -0.0836   -0.5549    0.4824

 Orthogonality of U: || U^T U - I ||_F = .17E-14

 The factor R is 
   -3.0684    4.6724   -0.2613   -0.1996    0.0208   -0.1071   -0.1355   -0.1400    0.4652   -0.5032
    0.0000   -1.8037   -0.0301   -0.1137    0.1771    0.0277    0.3929    0.5424    0.5220   -0.4843
    0.0000    0.0000   -0.7617   -0.1874    0.2557    0.1244   -0.0012    0.4091    0.5123   -0.3522
    0.0000    0.0000    0.0000   -0.6931   -0.4293   -0.3718    0.1542   -0.3635    0.0336   -0.9832
    0.0000    0.0000    0.0000    0.0000    0.6469    0.2074    0.0266    0.2028    0.1995    0.2517
    0.0000    0.0000    0.0000    0.0000    0.0000    2.6325   -4.7377    0.0000    0.0000    0.0000
    0.0000    0.0000    0.0000    0.0000    0.0000   -0.2702    0.9347   -1.1210    0.0000    0.0000
    0.0000    0.0000    0.0000    0.0000    0.0000   -0.3219   -0.5394    0.1748   -0.4788    0.0000
    0.0000    0.0000    0.0000    0.0000    0.0000   -0.1431   -0.1021    0.4974   -0.3565   -0.6402
    0.0000    0.0000    0.0000    0.0000    0.0000   -0.1622   -0.2368    0.6126   -0.7369    0.6915

 Residual: || H*V - U*R ||_F = .76E-14

 The orthogonal symplectic factor V is 
    1.0000    0.0000    0.0000    0.0000    0.0000    0.0000    0.0000    0.0000    0.0000    0.0000
    0.0000   -0.4740    0.6013   -0.2299   -0.4282    0.0000    0.0061   -0.1732    0.3134    0.2220
    0.0000   -0.5553   -0.2623    0.6622   -0.3042    0.0000   -0.0382    0.2453   -0.1662    0.0509
    0.0000   -0.5563    0.0322   -0.1431    0.4461    0.0000   -0.0665   -0.4132   -0.3100   -0.4457
    0.0000   -0.3872   -0.4022   -0.4194    0.3541    0.0000   -0.0406    0.3820    0.3006    0.3861
    0.0000    0.0000    0.0000    0.0000    0.0000    1.0000    0.0000    0.0000    0.0000    0.0000
    0.0000   -0.0061    0.1732   -0.3134   -0.2220    0.0000   -0.4740    0.6013   -0.2299   -0.4282
    0.0000    0.0382   -0.2453    0.1662   -0.0509    0.0000   -0.5553   -0.2623    0.6622   -0.3042
    0.0000    0.0665    0.4132    0.3100    0.4457    0.0000   -0.5563    0.0322   -0.1431    0.4461
    0.0000    0.0406   -0.3820   -0.3006   -0.3861    0.0000   -0.3872   -0.4022   -0.4194    0.3541

 Orthogonality of V: || V^T V - I ||_F = .17E-14
