 MB04ZD EXAMPLE PROGRAM RESULTS


 The square-reduced Hamiltonian is 
     1.0000    3.3485    0.3436    1.0000    1.9126   -0.1072
     6.7566   11.0750   -0.3014    1.9126    8.4479   -1.0790
     2.3478    1.6899   -2.3868   -0.1072   -1.0790   -2.9871
     7.0000    8.6275   -0.6352   -1.0000   -6.7566   -2.3478
     8.6275   16.2238   -0.1403   -3.3485  -11.0750   -1.6899
    -0.6352   -0.1403    1.2371   -0.3436    0.3014    2.3868

 The square of the square-reduced Hamiltonian is 
    48.0000   80.6858   -2.5217    0.0000    1.8590  -10.5824
   167.8362  298.4815   -4.0310   -1.8590    0.0000  -33.1160
     0.0000    4.5325    2.5185   10.5824   33.1160    0.0000
     0.0000    0.0000    0.0000   48.0000  167.8362    0.0000
     0.0000    0.0000    0.0000   80.6858  298.4815    4.5325
     0.0000    0.0000    0.0000   -2.5217   -4.0310    2.5185
