MB04FD EXAMPLE PROGRAM RESULTS

 The transformed matrix A is
   0.0550  -0.3064   0.1543   0.2170
   0.0000   1.2189   0.3267  -1.3622
   0.0000   0.0000   0.7734  -0.6215
   0.0000   0.0000   0.0000   2.5172

 The transformed matrix DE is
   0.4217   0.6557   0.4277  -0.2877  -0.3980
  -1.5448   0.0357   0.7577  -0.2582  -0.4775
   0.3220   1.1004   0.7431   0.7060  -1.1102
   0.3899   0.3463   0.4843   0.0318   0.8234

 The transformed matrix B is
   0.8482  -0.4425  -0.3643   0.8333
   0.0000  -0.5919  -0.0987  -0.7923
   0.0000   0.0000   1.1021   0.1926
   0.0000   0.0000   0.0000   1.9788

 The transformed matrix FG is
   0.6550   0.9597   0.3266  -0.6059  -0.9618
  -0.3151   0.3403   0.2550  -0.4771  -0.3005
   0.1987  -0.0141   0.5059   0.5472  -0.4172
   0.7914   0.0371   0.0000   0.1386   0.2542

 The transformed matrix Q is 
   0.0762   0.7824  -0.2771  -0.5526   0.0000   0.0000   0.0000   0.0000
   0.1786  -0.2450   0.4261  -0.5360   0.1843  -0.5857   0.2437  -0.0522
  -0.2452   0.1425   0.4831  -0.0742  -0.1834  -0.0856  -0.6529   0.4620
  -0.2123  -0.3870  -0.6431  -0.2548   0.3061  -0.1791  -0.2518   0.3707
  -0.4085   0.0154   0.0784  -0.0738   0.3908   0.0160  -0.3950  -0.7157
   0.6418  -0.2868   0.0258  -0.3305  -0.0286   0.4768  -0.3901  -0.1253
  -0.0077  -0.1340  -0.2740  -0.0534  -0.7708  -0.3910  -0.1981  -0.3432
  -0.5275  -0.2394   0.1131  -0.4684  -0.3018   0.4869   0.3216   0.0252

 The real, imaginary, and beta parts of eigenvalues are
   0.8482  -0.5919   1.1021   1.9788
   0.0000   0.0000   0.0000   0.0000
   0.0550   1.2189   0.7734   2.5172
